19.665
19.665
19.698
19.698
19.732
19.765
19.765
19.798
19.832
19.832
19.868
19.905
19.905
19.939
19.939
19.977
20.012
20.012
20.050
20.050
20.083
20.117
20.117
20.153
20.189
20.189
20.223
20.262
20.262
20.295
20.295
20.333
20.333
20.370
20.404
20.404
20.441
20.479
20.479
20.512
20.512
20.546
20.581
20.581
20.616
20.650
20.650
20.683
20.716
20.716
20.752
20.752
20.788
20.824
20.824
20.858
20.891
20.891
20.927
20.927
20.964
20.997
20.997
21.033
21.071
21.071
21.108
21.108
21.145
21.178
21.178
21.212
21.249
21.249
21.283
21.283
21.316
21.351
21.351
21.384
21.419
21.419
21.454
21.490
21.490
21.528
21.528
21.563
21.563
21.596
21.632
21.632
21.667
21.701
21.701
21.737
21.774
21.774
21.810
21.810